bytecode0:
95 00 00 00 30 00 00 00 00 00 00 00 1C 00 00 00 
a3=1C

97 00 00 00 10 00 00 00 
a1=a6

9B 00 00 00 10 00 00 00
cmp(a1,a0) 

9E 00 00 00 05 00 00 00 
if !a4:
	a5+=5
a5+=8
	
94 00 00 00 30 00 00 00 
a3=a3-1

99 00 00 00 
a6++

A1 00 00 00 09 00 00 00 
a5-=9

9B 00 00 00 32 00 00 00 
cmp(a3,a2)

9F 00 00 00 04 00 00 00 
if a4
	a5+=4
a5+=2

95 00 00 00 00 00 00 00 00 00 00 00 01 00 00 00 
a0=1

A3 00 00 00 


bytecode1:
92 00 00 00 00 00 00 00 
a4=a0

9F 00 00 00 01 00 00 00 
if a4
	a5+=1
a5+=2

A3 00 00 00 

95 00 00 00 00 00 00 00 00 00 00 00 80 00 00 00 
a0=80

95 00 00 00 20 00 00 00 00 00 00 00 3F 00 00 00 
a2=3f

95 00 00 00 30 00 00 00 00 00 00 00 7B 00 00 00
a3=7b
 
95 00 00 00 40 00 00 00 00 00 00 00 1C 00 00 00
a4=1C

97 00 00 00 10 00 00 00 
a1=a6

8D 00 00 00 12 00 00 00 
a1=a1*a2

8B 00 00 00 13 00 00 00 
a1=a1+a3

8F 00 00 00 10 00 00 00 
a1=a1%a0

98 00 00 00 10 00 00 00 
a6=a1

99 00 00 00 
a6++

94 00 00 00 40 00 00 00 
a4=a4-1

87 00 00 00 40 00 00 00 
a8-=8
a8=a4

92 00 00 00 40 00 00 00 
a4=a4

9F 00 00 00 01 00 00 00 
if a4
	a5+=1
a5+=2

A3 00 00 00 
break
8A 00 00 00 40 00 00 00 
a4=a8
a8+=8

A1 00 00 00 16 00 00 00 
a5-=16

A3 00 00 00 
break

00 00 00 00 00 00 00 00 


bytecode2:
92 00 00 00 00 00 00 00 
a4=a0

9F 00 00 00 01 00 00 00 
if a4
	a5+=1
a5+=2
A3 00 00 00

86 00 00 00 00 00 00 00 3E 00 00 00 
a8-=8
a8=3E

86 00 00 00 00 00 00 00 1A 00 00 00 
86 00 00 00 00 00 00 00 56 00 00 00 
86 00 00 00 00 00 00 00 0D 00 00 00 
86 00 00 00 00 00 00 00 52 00 00 00 
86 00 00 00 00 00 00 00 13 00 00 00
86 00 00 00 00 00 00 00 58 00 00 00
86 00 00 00 00 00 00 00 5A 00 00 00
86 00 00 00 00 00 00 00 6E 00 00 00
86 00 00 00 00 00 00 00 5C 00 00 00
86 00 00 00 00 00 00 00 0F 00 00 00
86 00 00 00 00 00 00 00 5A 00 00 00
86 00 00 00 00 00 00 00 46 00 00 00
86 00 00 00 00 00 00 00 07 00 00 00
86 00 00 00 00 00 00 00 09 00 00 00
86 00 00 00 00 00 00 00 52 00 00 00
86 00 00 00 00 00 00 00 25 00 00 00
86 00 00 00 00 00 00 00 5C 00 00 00
86 00 00 00 00 00 00 00 4C 00 00 00
86 00 00 00 00 00 00 00 0A 00 00 00
86 00 00 00 00 00 00 00 0A 00 00 00
86 00 00 00 00 00 00 00 56 00 00 00
86 00 00 00 00 00 00 00 33 00 00 00
86 00 00 00 00 00 00 00 40 00 00 00
86 00 00 00 00 00 00 00 15 00 00 00
86 00 00 00 00 00 00 00 07 00 00 00
86 00 00 00 00 00 00 00 58 00 00 00
86 00 00 00 00 00 00 00 0F 00 00 00


95 00 00 00 00 00 00 00 00 00 00 00 00 00 00 00 
a0=0

95 00 00 00 30 00 00 00 00 00 00 00 1C 00 00 00 
a3=1C

97 00 00 00 10 00 00 00 
a1=a6

8A 00 00 00 20 00 00 00 
a2=a8
a8+=8

9B 00 00 00 12 00 00 00 
cmp(a1,a2)

9E 00 00 00 01 00 00 00 A3 00 00 00 99 00 00 00 94 00 00 00 30 00 00 00 92 00 00 00 30 00 00 00 9F 00 00 00 05 00 00 00 95 00 00 00 00 00 00 00 00 00 00 00 01 00 00 00 A3 00 00 00 A1 00 00 00 15 00 00 00 A3 00 00 00